82.358 53.835 -33.616 97.930 80.014 99.009 8.410 32.965 -31.587 18.874 88.212 -49.448 26.116
26.600 -14.725 33.275 7.596 49.809 -8.914 67.801 -37.835 -94.945 -6.533 94.521 57.998 42.583 78.718 -67.017
-33.280 89.297 18.025 29.447 -67.004 -76.377 -44.399 -85.033 -48.999 42.512 -82.916 81.614 -24.225 56.061 -94.934 80.819 -65.843 -56.809 -34.252
-31.710 -79.998 2.896 81.827 2.270 63.067 15.938 -18.670 -85.261 10.312 -43.599 -98.856 -49.653 83.474 -7.758 27.618
-90.645 -57.427 -72.437 -97.274 -40.108 -7.779 18.361 -62.723 9.818 36.271 -12.144
61.571 72.772 37.969 -23.840 -12.451 -25.606 13.353 83.127 32.393 -97.591 -80.759 99.479 97.297 32.217 22.539 99.672 30.548 80.869 -63.901
92.303 -91.151 84.147 -18.483 -21.429 -32.637 -63.340 33.648 -52.884 11.721 41.475 26.265
99.485 -31.103 -34.509 -2.198 -37.075 84.865 2.525 56.979 77.409 -38.217 -50.982 -12.188 52.996
-88.516 -3.996 -63.721 74.078 -100.715 80.228 34.580 73.884 91.682 8.254 -79.591 42.559 28.155 32.765 60.453 92.812
53.997 -32.332 -15.789 -11.658 97.765 -24.886 -90.113 -25.929 -69.774 38.734 9.407 -22.517
-89.866 21.295 -69.378 -28.633 70.177 69.522 67.100 5.573 25.295 -46.598 -88.410 57.959
-39.458 74.343 36.336 -88.784 94.610 10.868 16.222 70.901 72.299 19.257
0.936 -93.124 44.120 -21.971 52.752 66.163 77.979 -83.248 61.165 29.611 -48.423 -93.646 -14.719 57.949 46.068 -3.352 -72.462 9.459 -82.356 15.413
-36.470 -86.978 20.466 -31.692 -24.576 -28.551 18.535 -38.397 -76.180 78.345 97.275 72.176 -66.388 40.449 -100.397 63.647 -17.193
-32.722 14.397 -11.786 72.567 90.382 80.145 -50.906 -78.221 82.773 28.629 -69.663 1.615 51.875 -60.516 46.831 29.379 -85.080
-91.862 -96.388 -1.162 38.381 -79.657 55.536 -19.657 -62.932 -35.576 -73.260 63.024 -40.329 46.054 -73.291 -50.912 -0.576 -31.511 58.426 -0.796
-4.334 -3.950 -62.628 -73.186 -40.335 -23.113 -80.389 -99.280 -68.728 -6.866 5.980 -50.311 24.695 -63.347 -78.386 73.498 -21.927 79.540
-22.452 -1.124 -60.047 -75.625 50.187 -53.925 38.331 67.461 32.960 44.485 -50.681
76.815 51.842 -98.074 1.661 91.038 3.953 75.108 -64.853 -78.062 33.682 -50.783 35.630 -59.200 -18.416 96.097 -44.603 99.541 31.964
83.213 47.695 78.154 25.839 -5.577 -42.718 -43.723 2.950 28.383 -76.200 -4.688 -16.640
